# Cone positions in TARGET frame (X=north=straight, Y=west=left, origin=spawn)
# spawn UE4 cm: (6320.0, 8000.0)
# format: X Y color
16.800000 -1.750000 0
16.800000 1.750000 1
16.239077 1.726328 2
16.239077 -1.726328 2
17.539077 -1.726328 2
17.539077 1.726328 2
7.800000 1.750000 3
5.800000 1.750000 3
7.800000 -1.750000 3
5.800000 -1.750000 3
24.698037 1.834146 0
26.837959 5.099507 0
27.660996 9.248022 0
26.839346 13.396895 0
24.493984 16.916855 0
20.982559 19.274531 0
16.836636 20.111934 0
12.685200 19.302588 0
9.157915 16.968574 0
6.789004 13.464810 0
5.938008 9.321699 0
6.733853 5.167700 0
8.873696 1.875488 0
21.787959 3.778755 1
23.603291 6.436255 1
24.160996 9.248716 1
23.604209 12.061250 1
22.014336 14.446777 1
19.633945 16.044785 1
16.823716 16.611953 1
14.009829 16.062939 1
11.619312 14.480303 1
10.013955 12.104771 1
9.437920 9.296338 1
9.978218 6.480747 1
11.771372 3.838516 1
21.787959 -3.778750 0
23.603291 -6.436250 0
24.160996 -9.248721 0
23.604209 -12.061250 0
22.014336 -14.446777 0
19.633945 -16.044785 0
16.823716 -16.611953 0
14.009829 -16.062939 0
11.619312 -14.480293 0
10.013955 -12.104766 0
9.437920 -9.296328 0
9.978218 -6.480742 0
11.771372 -3.838516 0
24.698037 -1.834141 1
26.837959 -5.099512 1
27.660996 -9.248018 1
26.839346 -13.396895 1
24.493984 -16.916855 1
20.982559 -19.274531 1
16.836636 -20.111934 1
12.685200 -19.302588 1
9.157915 -16.968574 1
6.789004 -13.464805 1
5.938008 -9.321699 1
6.733853 -5.167695 1
8.873696 -1.875488 1
13.887002 -2.250000 0
19.687002 -2.250000 0
13.887002 2.250000 1
19.687002 2.250000 1
25.800000 -1.750000 3
27.796787 -1.750000 3
29.800713 -1.750000 3
31.807148 -1.750000 3
33.812637 -1.750000 3
35.800000 -1.750000 3
25.800000 1.750000 3
27.796787 1.750000 3
29.800713 1.750000 3
31.807148 1.750000 3
33.812637 1.750000 3
35.800000 1.750000 3
35.800000 -0.580000 3
35.800000 0.580000 3
